# step, loss_train, loss_test, metrics_test
0.000000000000000000e+00 6.859658241271972656e+00 1.445901929400861263e-03 1.173701894003897905e-04 3.931091725826263428e-02 3.870950266718864441e-02 3.866833075881004333e-02 3.841654956340789795e-02 4.181131720542907715e-02 3.925172239542007446e-02 6.907042980194091797e+00 1.399747561663389206e-03 9.868841152638196945e-05 3.931091725826263428e-02 3.870950266718864441e-02 3.866833075881004333e-02 3.841654956340789795e-02 4.181131720542907715e-02 3.925172239542007446e-02
5.000000000000000000e+03 5.493793264031410217e-02 4.371364600956439972e-03 9.594912640750408173e-03 9.896102547645568848e-02 4.605196788907051086e-02 4.767083749175071716e-02 1.883753091096878052e-01 4.895842820405960083e-02 6.584376841783523560e-02 6.136137619614601135e-02 2.628303365781903267e-03 9.225442074239253998e-03 9.896102547645568848e-02 4.605196788907051086e-02 4.767083749175071716e-02 1.883753091096878052e-01 4.895842820405960083e-02 6.584376841783523560e-02
1.000000000000000000e+04 2.450996451079845428e-02 3.812338411808013916e-02 6.841260194778442383e-02 4.826575517654418945e-01 4.446246474981307983e-02 4.017069563269615173e-02 5.245905518531799316e-01 4.488820582628250122e-02 4.395340383052825928e-02 1.270070858299732208e-02 2.953892014920711517e-02 4.783714935183525085e-02 4.826575517654418945e-01 4.446246474981307983e-02 4.017069563269615173e-02 5.245905518531799316e-01 4.488820582628250122e-02 4.395340383052825928e-02
1.500000000000000000e+04 7.191918045282363892e-02 5.216547288000583649e-03 7.091342937201261520e-03 8.524957299232482910e-02 4.194581881165504456e-02 4.324752837419509888e-02 1.321968734264373779e-01 4.532177746295928955e-02 6.060067564249038696e-02 7.409530878067016602e-02 4.113151226192712784e-03 5.438343621790409088e-03 8.524957299232482910e-02 4.194581881165504456e-02 4.324752837419509888e-02 1.321968734264373779e-01 4.532177746295928955e-02 6.060067564249038696e-02
2.000000000000000000e+04 4.539065062999725342e-02 3.423911519348621368e-03 5.069022532552480698e-03 6.972086429595947266e-02 4.089115932583808899e-02 4.182484373450279236e-02 1.020065769553184509e-01 4.321659728884696960e-02 5.685199797153472900e-02 5.110089108347892761e-02 2.677025506272912025e-03 4.505966324359178543e-03 6.972086429595947266e-02 4.089115932583808899e-02 4.182484373450279236e-02 1.020065769553184509e-01 4.321659728884696960e-02 5.685199797153472900e-02
2.500000000000000000e+04 3.642958402633666992e-02 2.328147646039724350e-03 3.606107085943222046e-03 5.817461013793945312e-02 4.088788852095603943e-02 4.468700662255287170e-02 8.500646799802780151e-02 4.291227832436561584e-02 5.307710543274879456e-02 4.203583300113677979e-02 1.393759739585220814e-03 3.317491849884390831e-03 5.817461013793945312e-02 4.088788852095603943e-02 4.468700662255287170e-02 8.500646799802780151e-02 4.291227832436561584e-02 5.307710543274879456e-02
3.000000000000000000e+04 3.405494242906570435e-02 1.997638260945677757e-03 2.716544782742857933e-03 4.992946609854698181e-02 3.945817053318023682e-02 4.514598846435546875e-02 7.166364043951034546e-02 4.283953085541725159e-02 5.079634860157966614e-02 3.968054056167602539e-02 1.260490971617400646e-03 2.061742823570966721e-03 4.992946609854698181e-02 3.945817053318023682e-02 4.514598846435546875e-02 7.166364043951034546e-02 4.283953085541725159e-02 5.079634860157966614e-02
3.000000000000000000e+04 3.405494242906570435e-02 1.997638260945677757e-03 2.716544782742857933e-03 4.992946609854698181e-02 3.945817053318023682e-02 4.514598846435546875e-02 7.166364043951034546e-02 4.283953085541725159e-02 5.079634860157966614e-02 3.968054056167602539e-02 1.260490971617400646e-03 2.061742823570966721e-03 4.992946609854698181e-02 3.945817053318023682e-02 4.514598846435546875e-02 7.166364043951034546e-02 4.283953085541725159e-02 5.079634860157966614e-02
3.100000000000000000e+04 2.257175929844379425e-02 2.139006042852997780e-03 3.712083213031291962e-03 4.464371129870414734e-02 3.867872804403305054e-02 4.309757426381111145e-02 5.894719436764717102e-02 4.250933974981307983e-02 4.832587763667106628e-02 2.664848044514656067e-02 1.665987307205796242e-03 3.838380565866827965e-03 4.464371129870414734e-02 3.867872804403305054e-02 4.309757426381111145e-02 5.894719436764717102e-02 4.250933974981307983e-02 4.832587763667106628e-02
3.200000000000000000e+04 1.580832526087760925e-02 2.172921551391482353e-03 2.050701295956969261e-03 4.036569222807884216e-02 3.882763907313346863e-02 3.968232125043869019e-02 4.746498167514801025e-02 4.214922338724136353e-02 4.351160302758216858e-02 1.858638226985931396e-02 1.389405340887606144e-03 1.681281835772097111e-03 4.036569222807884216e-02 3.882763907313346863e-02 3.968232125043869019e-02 4.746498167514801025e-02 4.214922338724136353e-02 4.351160302758216858e-02
3.300000000000000000e+04 1.021710038185119629e-02 1.614984357729554176e-03 1.493962365202605724e-03 3.855654224753379822e-02 3.832721337676048279e-02 3.859848901629447937e-02 4.199006780982017517e-02 4.208663851022720337e-02 4.135342314839363098e-02 1.205945480614900589e-02 9.876147378236055374e-04 1.503976760432124138e-03 3.855654224753379822e-02 3.832721337676048279e-02 3.859848901629447937e-02 4.199006780982017517e-02 4.208663851022720337e-02 4.135342314839363098e-02
3.400000000000000000e+04 7.197319995611906052e-03 1.268420019187033176e-03 1.340059679932892323e-03 3.785574808716773987e-02 3.840218856930732727e-02 3.756874427199363708e-02 4.034064337611198425e-02 4.188697785139083862e-02 4.020455852150917053e-02 8.238391019403934479e-03 7.731383666396141052e-04 1.294236630201339722e-03 3.785574808716773987e-02 3.840218856930732727e-02 3.756874427199363708e-02 4.034064337611198425e-02 4.188697785139083862e-02 4.020455852150917053e-02
3.500000000000000000e+04 5.648802034556865692e-03 9.373513748869299889e-04 1.017697737552225590e-03 3.749506175518035889e-02 3.841516375541687012e-02 3.689403831958770752e-02 3.963659703731536865e-02 4.188916087150573730e-02 3.981671109795570374e-02 6.364710628986358643e-03 5.471141193993389606e-04 8.676536381244659424e-04 3.749506175518035889e-02 3.841516375541687012e-02 3.689403831958770752e-02 3.963659703731536865e-02 4.188916087150573730e-02 3.981671109795570374e-02
3.528600000000000000e+04 5.230250768363475800e-03 8.829302387312054634e-04 9.368750033900141716e-04 3.753239661455154419e-02 3.842408210039138794e-02 3.690453246235847473e-02 3.926523774862289429e-02 4.184873029589653015e-02 3.976242244243621826e-02 5.932948086410760880e-03 5.379542708396911621e-04 8.712563430890440941e-04 3.753239661455154419e-02 3.842408210039138794e-02 3.690453246235847473e-02 3.926523774862289429e-02 4.184873029589653015e-02 3.976242244243621826e-02
