# step, loss_train, loss_test, metrics_test
0.000000000000000000e+00 1.396172493696212769e-02 5.643679946660995483e-02 2.348613590002059937e-01 2.940434455871582031e+00 8.312882483005523682e-02 4.392170161008834839e-02 1.868635058403015137e+00 4.888936504721641541e-02 3.431053087115287781e-02 1.260469574481248856e-02 5.744045972824096680e-02 2.399549633264541626e-01 2.940434455871582031e+00 8.312882483005523682e-02 4.392170161008834839e-02 1.868635058403015137e+00 4.888936504721641541e-02 3.431053087115287781e-02
5.000000000000000000e+03 1.989372819662094116e-02 1.493626856245100498e-03 2.461911411955952644e-03 2.646858617663383484e-02 1.358526642434298992e-03 2.143811201676726341e-03 6.568282842636108398e-02 2.695285947993397713e-03 1.427331380546092987e-02 2.285836450755596161e-02 9.773718193173408508e-04 2.177655464038252831e-03 2.646858617663383484e-02 1.358526642434298992e-03 2.143811201676726341e-03 6.568282842636108398e-02 2.695285947993397713e-03 1.427331380546092987e-02
1.000000000000000000e+04 2.394470013678073883e-02 1.035875873640179634e-03 3.009012900292873383e-03 1.591651886701583862e-02 1.109098084270954132e-03 2.169452840462327003e-03 3.967654705047607422e-02 1.388364471495151520e-03 1.121631171554327011e-02 2.657719701528549194e-02 6.773999775759875774e-04 2.747187623754143715e-03 1.591651886701583862e-02 1.109098084270954132e-03 2.169452840462327003e-03 3.967654705047607422e-02 1.388364471495151520e-03 1.121631171554327011e-02
1.500000000000000000e+04 1.248407270759344101e-02 7.107674027793109417e-04 1.016123685985803604e-03 9.912761859595775604e-03 1.216070260852575302e-03 2.447191858664155006e-03 2.532844990491867065e-02 9.181833011098206043e-04 8.281658403575420380e-03 1.494012400507926941e-02 5.214731208980083466e-04 1.162895350717008114e-03 9.912761859595775604e-03 1.216070260852575302e-03 2.447191858664155006e-03 2.532844990491867065e-02 9.181833011098206043e-04 8.281658403575420380e-03
2.000000000000000000e+04 9.309731423854827881e-03 4.462107899598777294e-04 7.677053217776119709e-04 6.748951040208339691e-03 1.169765135273337364e-03 2.008570590987801552e-03 1.695133186876773834e-02 5.924389115534722805e-04 5.897887051105499268e-03 1.129930093884468079e-02 3.574895090423524380e-04 8.927182061597704887e-04 6.748951040208339691e-03 1.169765135273337364e-03 2.008570590987801552e-03 1.695133186876773834e-02 5.924389115534722805e-04 5.897887051105499268e-03
2.500000000000000000e+04 7.222046144306659698e-03 3.282126272097229958e-04 6.204980891197919846e-04 4.750296939164400101e-03 1.005170634016394615e-03 1.500399666838347912e-03 1.157201360911130905e-02 3.981403133366256952e-04 4.233650397509336472e-03 8.842290379106998444e-03 2.863440604414790869e-04 6.989078829064965248e-04 4.750296939164400101e-03 1.005170634016394615e-03 1.500399666838347912e-03 1.157201360911130905e-02 3.981403133366256952e-04 4.233650397509336472e-03
3.000000000000000000e+04 5.487345624715089798e-03 2.284289803355932236e-04 4.544036637526005507e-04 3.348469035699963570e-03 8.294002618640661240e-04 1.165216672234237194e-03 7.942588068544864655e-03 2.799892972689121962e-04 3.047504927963018417e-03 6.752822082489728928e-03 2.012862532865256071e-04 5.121374269947409630e-04 3.348469035699963570e-03 8.294002618640661240e-04 1.165216672234237194e-03 7.942588068544864655e-03 2.799892972689121962e-04 3.047504927963018417e-03
3.000000000000000000e+04 5.487345624715089798e-03 2.284289803355932236e-04 4.544036637526005507e-04 3.348469035699963570e-03 8.294002618640661240e-04 1.165216672234237194e-03 7.942588068544864655e-03 2.799892972689121962e-04 3.047504927963018417e-03 6.752822082489728928e-03 2.012862532865256071e-04 5.121374269947409630e-04 3.348469035699963570e-03 8.294002618640661240e-04 1.165216672234237194e-03 7.942588068544864655e-03 2.799892972689121962e-04 3.047504927963018417e-03
3.100000000000000000e+04 2.899279752455186099e-05 2.083481376757845283e-05 2.327063157281372696e-05 9.437211701879277825e-06 4.201921001367736608e-06 2.220074065917287953e-06 4.549473032966488972e-06 9.620738410376361571e-07 2.151521812265855260e-06 2.505942939023952931e-05 1.792879993445239961e-05 1.855413574958220124e-05 9.437211701879277825e-06 4.201921001367736608e-06 2.220074065917287953e-06 4.549473032966488972e-06 9.620738410376361571e-07 2.151521812265855260e-06
3.200000000000000000e+04 5.490149760589702055e-06 5.271405370876891539e-06 3.103849167018779553e-06 1.009044012789672706e-06 4.744816806123708375e-07 3.756372279895003885e-07 4.476845845147181535e-07 1.192795338056384935e-07 2.212420184832808445e-07 4.136064035265007988e-06 3.786483830481301993e-06 2.450033207423985004e-06 1.009044012789672706e-06 4.744816806123708375e-07 3.756372279895003885e-07 4.476845845147181535e-07 1.192795338056384935e-07 2.212420184832808445e-07
3.300000000000000000e+04 2.087354914692696184e-06 2.023714614551863633e-06 1.234026740348781459e-06 8.466837471132748760e-07 2.400911398581229150e-07 2.288274600914519397e-07 3.060175117752805818e-07 6.814881459149546572e-08 1.573145453903634916e-07 1.630349629522243049e-06 1.634955765439372044e-06 1.081215941667323932e-06 8.466837471132748760e-07 2.400911398581229150e-07 2.288274600914519397e-07 3.060175117752805818e-07 6.814881459149546572e-08 1.573145453903634916e-07
3.397100000000000000e+04 1.322676666859479155e-06 1.026201516651781276e-06 7.783639262015640270e-07 5.319546971804811619e-07 1.422705793174827704e-07 1.241603655444123433e-07 2.217506676061020698e-07 3.628393940857677080e-08 6.405503683026836370e-08 9.805939953366760164e-07 8.204169716918841004e-07 6.370185587911691982e-07 5.319546971804811619e-07 1.422705793174827704e-07 1.241603655444123433e-07 2.217506676061020698e-07 3.628393940857677080e-08 6.405503683026836370e-08
