# step, loss_train, loss_test, metrics_test
0.000000000000000000e+00 1.396172646418376156e-02 5.643680808739692106e-02 2.348613682048397433e-01 3.086101615888527050e+00 8.208075520616148202e-02 1.100992802163977199e-02 1.916676844136727231e+00 4.730030423989094179e-02 1.645978521058441904e-02 1.260469506773154169e-02 5.744047463376412282e-02 2.399550180161663104e-01 3.086101615888527050e+00 8.208075520616148202e-02 1.100992802163977199e-02 1.916676844136727231e+00 4.730030423989094179e-02 1.645978521058441904e-02
5.000000000000000000e+03 4.672678940073417275e-02 3.524411402829911218e-03 4.884370567370104749e-03 5.381415253432767637e-02 1.466812939210935217e-03 8.471370430618302069e-03 1.123754375757191337e-01 3.605713370577552559e-03 2.759376930199664707e-02 5.339500678410363105e-02 2.228891583985192007e-03 5.203308843351097529e-03 5.381415253432767637e-02 1.466812939210935217e-03 8.471370430618302069e-03 1.123754375757191337e-01 3.605713370577552559e-03 2.759376930199664707e-02
1.000000000000000000e+04 3.906550324104286070e-02 1.411538342164603884e-03 3.596222475749517086e-03 2.651376222682447562e-02 3.733133457679390504e-03 1.416297765794019559e-02 7.062648922414804797e-02 2.653918792893271341e-03 2.383927839245654490e-02 4.802889156419883759e-02 1.216270550110220812e-03 3.535276307833553743e-03 2.651376222682447562e-02 3.733133457679390504e-03 1.416297765794019559e-02 7.062648922414804797e-02 2.653918792893271341e-03 2.383927839245654490e-02
1.500000000000000000e+04 3.391472497173989020e-02 1.047506649554967671e-03 2.955780479190144461e-03 1.776654379368442296e-02 4.238709874318194459e-03 1.242618555822335574e-02 4.909668407312488964e-02 1.942524897373937472e-03 1.958050652006136996e-02 4.195121817139779025e-02 1.081076068182328966e-03 2.877045603746482445e-03 1.776654379368442296e-02 4.238709874318194459e-03 1.242618555822335574e-02 4.909668407312488964e-02 1.942524897373937472e-03 1.958050652006136996e-02
2.000000000000000000e+04 2.952055623126753972e-02 8.192890599702376065e-04 2.438436997340903429e-03 1.300842159051706325e-02 4.315769412759880644e-03 1.007590897132552496e-02 3.559651604779204281e-02 1.457571159061418504e-03 1.605032282532836349e-02 3.681808487004922109e-02 8.851321074293273241e-04 2.518955015817678569e-03 1.300842159051706325e-02 4.315769412759880644e-03 1.007590897132552496e-02 3.559651604779204281e-02 1.457571159061418504e-03 1.605032282532836349e-02
2.500000000000000000e+04 2.529695083146917683e-02 7.176348231017325857e-04 1.999077969683489032e-03 1.004694231428397352e-02 4.204458135775896929e-03 8.188404490850058337e-03 2.665160823339143836e-02 1.173343655340229434e-03 1.321003807775822381e-02 3.164321026087008742e-02 8.182838072366664531e-04 2.212725728902991806e-03 1.004694231428397352e-02 4.204458135775896929e-03 8.188404490850058337e-03 2.665160823339143836e-02 1.173343655340229434e-03 1.321003807775822381e-02
3.000000000000000000e+04 2.193781004543811017e-02 6.193313696466981079e-04 1.664418021687993389e-03 8.034042387620251788e-03 3.857284769152206222e-03 6.753195650042891941e-03 2.057347015947859001e-02 9.602003832214578514e-04 1.095624973764186896e-02 2.757313938518687543e-02 7.061756657378605306e-04 1.874956027697667615e-03 8.034042387620251788e-03 3.857284769152206222e-03 6.753195650042891941e-03 2.057347015947859001e-02 9.602003832214578514e-04 1.095624973764186896e-02
3.000000000000000000e+04 2.193781004543811017e-02 6.193313696466981079e-04 1.664418021687993389e-03 8.034042387620251788e-03 3.857284769152206222e-03 6.753195650042891941e-03 2.057347015947859001e-02 9.602003832214578514e-04 1.095624973764186896e-02 2.757313938518687543e-02 7.061756657378605306e-04 1.874956027697667615e-03 8.034042387620251788e-03 3.857284769152206222e-03 6.753195650042891941e-03 2.057347015947859001e-02 9.602003832214578514e-04 1.095624973764186896e-02
3.100000000000000000e+04 3.127202355661746948e-03 4.528861164888487324e-04 4.990524085856720693e-04 6.918474544306080437e-04 1.618902521725341936e-04 4.064911110663600290e-04 7.564233006549399545e-04 7.508474722930646723e-05 5.900759605161347461e-04 3.632632086018446060e-03 3.073200923934892134e-04 4.634873939857386761e-04 6.918474544306080437e-04 1.618902521725341936e-04 4.064911110663600290e-04 7.564233006549399545e-04 7.508474722930646723e-05 5.900759605161347461e-04
3.200000000000000000e+04 1.648696961253570724e-03 2.362173215808372004e-04 2.551348002814238800e-04 3.640479751611510944e-04 4.812549244837723965e-05 1.500058278417790798e-04 3.583861475461284527e-04 2.998139071440114695e-05 3.094984073978243621e-04 1.917817388426697753e-03 1.670958703193507115e-04 2.434865006007290347e-04 3.640479751611510944e-04 4.812549244837723965e-05 1.500058278417790798e-04 3.583861475461284527e-04 2.998139071440114695e-05 3.094984073978243621e-04
3.300000000000000000e+04 1.127040768960801010e-03 1.434982950149735377e-04 1.643655740200834488e-04 2.445968796585446014e-04 5.987969743877266231e-05 1.081381312458665244e-04 2.361813549478235415e-04 2.772313884587500191e-05 2.029445359081241522e-04 1.324139713867779128e-03 1.037157588090873746e-04 1.454593476174929141e-04 2.445968796585446014e-04 5.987969743877266231e-05 1.081381312458665244e-04 2.361813549478235415e-04 2.772313884587500191e-05 2.029445359081241522e-04
3.400000000000000000e+04 8.755293381298745762e-04 1.179404265405557773e-04 1.420071166102463182e-04 1.834995503826677987e-04 3.914881257940752056e-05 1.039411031598081153e-04 1.810457074355164024e-04 1.892414837426705608e-05 1.470040160725218710e-04 1.041065778071852696e-03 8.866226189114070379e-05 1.264415005500938371e-04 1.834995503826677987e-04 3.914881257940752056e-05 1.039411031598081153e-04 1.810457074355164024e-04 1.892414837426705608e-05 1.470040160725218710e-04
3.500000000000000000e+04 7.362411525468289019e-04 8.062580320330587594e-05 1.458705634845034805e-04 1.406366127102367137e-04 2.803124694124785893e-05 7.429527546821378386e-05 1.411389823174351744e-04 1.430258987215133406e-05 1.143013875631130065e-04 8.579133439854130403e-04 5.388189299946015957e-05 1.253105446508556708e-04 1.406366127102367137e-04 2.803124694124785893e-05 7.429527546821378386e-05 1.411389823174351744e-04 1.430258987215133406e-05 1.143013875631130065e-04
3.600000000000000000e+04 6.181186321529459496e-04 6.755133488365606118e-05 1.015430356279467463e-04 1.412842507389095999e-04 1.268247412572290299e-05 6.445302856647412487e-05 1.315702182094363759e-04 1.065342767427357359e-05 1.020993468448467206e-04 7.196485787209480406e-04 4.818112259842707509e-05 8.145676568459915340e-05 1.412842507389095999e-04 1.268247412572290299e-05 6.445302856647412487e-05 1.315702182094363759e-04 1.065342767427357359e-05 1.020993468448467206e-04
3.700000000000000000e+04 5.463017682928747541e-04 6.980179221622804782e-05 8.360997686107632843e-05 1.120587663509224217e-04 1.901693353029366491e-05 5.426852712275070462e-05 1.097163789110389159e-04 1.134294039993600018e-05 9.788199960056961533e-05 6.186684230002583622e-04 4.483297321635980971e-05 7.027241565791567340e-05 1.120587663509224217e-04 1.901693353029366491e-05 5.426852712275070462e-05 1.097163789110389159e-04 1.134294039993600018e-05 9.788199960056961533e-05
3.800000000000000000e+04 4.849514886512999918e-04 7.772116783313814448e-05 7.392645844494315070e-05 9.218991556402508813e-05 2.426753043487479554e-05 5.547488284420284466e-05 9.189631776868781678e-05 1.121616032646384514e-05 9.932337478263591286e-05 5.516578076849568872e-04 4.871645746225728314e-05 6.855354714218163804e-05 9.218991556402508813e-05 2.426753043487479554e-05 5.547488284420284466e-05 9.189631776868781678e-05 1.121616032646384514e-05 9.932337478263591286e-05
3.900000000000000000e+04 4.613026292713869742e-04 6.407605693011204711e-05 6.878695822560226087e-05 9.275451373879465568e-05 1.754423772646811566e-05 4.751519185605720654e-05 8.336600133628389495e-05 9.182813016865725461e-06 8.722390483212006599e-05 5.187591939432328230e-04 4.528542739597370554e-05 6.112987744724057498e-05 9.275451373879465568e-05 1.754423772646811566e-05 4.751519185605720654e-05 8.336600133628389495e-05 9.182813016865725461e-06 8.722390483212006599e-05
4.000000000000000000e+04 4.287802075046001703e-04 5.458780069155323223e-05 6.376911718486304225e-05 8.857053525625182471e-05 1.582345281885931063e-05 4.729304062687984019e-05 7.777201476637985074e-05 8.837552279665247920e-06 7.428759051536759075e-05 4.838036102386200415e-04 3.701041595903188712e-05 5.776429506058078389e-05 8.857053525625182471e-05 1.582345281885931063e-05 4.729304062687984019e-05 7.777201476637985074e-05 8.837552279665247920e-06 7.428759051536759075e-05
4.100000000000000000e+04 4.048675484500276331e-04 4.744062873253475127e-05 4.956685098357681112e-05 8.478398999188889993e-05 1.131564401043467773e-05 4.049080275524551023e-05 7.235727266234024150e-05 7.022290062247030631e-06 6.319621535978363184e-05 4.599651136576635808e-04 2.900722046975266194e-05 4.523059306307741307e-05 8.478398999188889993e-05 1.131564401043467773e-05 4.049080275524551023e-05 7.235727266234024150e-05 7.022290062247030631e-06 6.319621535978363184e-05
4.200000000000000000e+04 3.719198186652474241e-04 4.213998440598254192e-05 5.228526500707603522e-05 7.361600750363540282e-05 1.343349929875860525e-05 3.853795385798670356e-05 6.552556122024438367e-05 6.843210129578851069e-06 6.165296961948019139e-05 4.253398150316408115e-04 2.529599566104035431e-05 4.962721651939499444e-05 7.361600750363540282e-05 1.343349929875860525e-05 3.853795385798670356e-05 6.552556122024438367e-05 6.843210129578851069e-06 6.165296961948019139e-05
4.300000000000000000e+04 3.358731284191582159e-04 4.224387750665810484e-05 4.905037016021474217e-05 7.530222954284343756e-05 1.210852710588618424e-05 3.581809231246491120e-05 6.993542982498438887e-05 6.219029302139581579e-06 5.800022372569115127e-05 3.845040671921648402e-04 2.729710033818342677e-05 4.431699145631700943e-05 7.530222954284343756e-05 1.210852710588618424e-05 3.581809231246491120e-05 6.993542982498438887e-05 6.219029302139581579e-06 5.800022372569115127e-05
4.400000000000000000e+04 3.214869187831358947e-04 4.014783233725647085e-05 5.009911154793984654e-05 7.101213995325031370e-05 7.826445494169734609e-06 2.998872564181125837e-05 6.406542098863871558e-05 5.269381365752763217e-06 5.378082065680425493e-05 3.672560313782633184e-04 2.485167623510210462e-05 4.423187895920831122e-05 7.101213995325031370e-05 7.826445494169734609e-06 2.998872564181125837e-05 6.406542098863871558e-05 5.269381365752763217e-06 5.378082065680425493e-05
4.500000000000000000e+04 3.071959455396755436e-04 4.207408989852895985e-05 4.470774930772806544e-05 6.625690638179878190e-05 5.762770469085520297e-06 2.687494072068118334e-05 5.916268353072235943e-05 4.401516753082349618e-06 4.971448548616517045e-05 3.535184219617926410e-04 2.727320093162136910e-05 3.811667451927210770e-05 6.625690638179878190e-05 5.762770469085520297e-06 2.687494072068118334e-05 5.916268353072235943e-05 4.401516753082349618e-06 4.971448548616517045e-05
4.600000000000000000e+04 2.910499141825979331e-04 4.228986483314954662e-05 4.080059878797036798e-05 6.028418995159783424e-05 7.622482337745083275e-06 2.413033124840439203e-05 5.645224285878526808e-05 4.670399426939747937e-06 4.595580980902410826e-05 3.304934636557962740e-04 2.648618532079451086e-05 3.884554359007893343e-05 6.028418995159783424e-05 7.622482337745083275e-06 2.413033124840439203e-05 5.645224285878526808e-05 4.670399426939747937e-06 4.595580980902410826e-05
4.700000000000000000e+04 2.738174106632662347e-04 3.984116970271521876e-05 4.066147985136098013e-05 5.662541060002143872e-05 8.268824052738693977e-06 2.420267396324474684e-05 5.352628689005841728e-05 4.533195917986122930e-06 4.449547643969357859e-05 3.115500326719413348e-04 2.435425431471581568e-05 3.857915761375803451e-05 5.662541060002143872e-05 8.268824052738693977e-06 2.420267396324474684e-05 5.352628689005841728e-05 4.533195917986122930e-06 4.449547643969357859e-05
4.800000000000000000e+04 2.579090094251106080e-04 3.781872826553183976e-05 3.988836019873655508e-05 5.560412115338289710e-05 8.322978334799736478e-06 2.375600078096525242e-05 5.006889801780358107e-05 4.618600438327794364e-06 4.225255355807245564e-05 2.920231064871371750e-04 2.483344634378235625e-05 3.627185437402089782e-05 5.560412115338289710e-05 8.322978334799736478e-06 2.375600078096525242e-05 5.006889801780358107e-05 4.618600438327794364e-06 4.225255355807245564e-05
4.900000000000000000e+04 2.518708231627807899e-04 3.070243178224421447e-05 3.567656204219830658e-05 5.381913705614900327e-05 7.355499094892907005e-06 2.386735516907979884e-05 4.733647705887783643e-05 4.514833591098700454e-06 4.080314154197459494e-05 2.834762848837702820e-04 1.998964020680999427e-05 3.182430122171029351e-05 5.381913705614900327e-05 7.355499094892907005e-06 2.386735516907979884e-05 4.733647705887783643e-05 4.514833591098700454e-06 4.080314154197459494e-05
5.000000000000000000e+04 2.467225461578016017e-04 2.711448743790157025e-05 3.201851810140020577e-05 5.418167262525464955e-05 5.109187480817660005e-06 1.994971680388350687e-05 4.464979188970570416e-05 3.831378237279982510e-06 3.730293292869581292e-05 2.799939886179259952e-04 1.643862666291308710e-05 2.829362830505348432e-05 5.418167262525464955e-05 5.109187480817660005e-06 1.994971680388350687e-05 4.464979188970570416e-05 3.831378237279982510e-06 3.730293292869581292e-05
5.100000000000000000e+04 2.313668925116851567e-04 2.868841823553379828e-05 3.127024739093984342e-05 5.339542767638706823e-05 4.956913921752947833e-06 1.940705560458752616e-05 4.268044697122543772e-05 3.797419194180724869e-06 3.689739197483332461e-05 2.612027040192690269e-04 1.657677635468815649e-05 2.642189594395815650e-05 5.339542767638706823e-05 4.956913921752947833e-06 1.940705560458752616e-05 4.268044697122543772e-05 3.797419194180724869e-06 3.689739197483332461e-05
5.200000000000000000e+04 2.220781799792430811e-04 2.868305576162871593e-05 3.085900182756349505e-05 5.042785683266919809e-05 7.141620092948929301e-06 1.869443999583670553e-05 4.199101655791869002e-05 3.903838943458205146e-06 3.525216702410280780e-05 2.516546499407304937e-04 1.625987440489587272e-05 2.628541540205221673e-05 5.042785683266919809e-05 7.141620092948929301e-06 1.869443999583670553e-05 4.199101655791869002e-05 3.903838943458205146e-06 3.525216702410280780e-05
5.300000000000000000e+04 2.078459423475224833e-04 3.025692135350072586e-05 3.131986753341391752e-05 4.694166931672360323e-05 7.724370569801994056e-06 1.869843045295899240e-05 3.988435790931631956e-05 4.246708267114014825e-06 3.506977792951654604e-05 2.353880816126266808e-04 1.941684673798583008e-05 2.696350651006654752e-05 4.694166931672360323e-05 7.724370569801994056e-06 1.869843045295899240e-05 3.988435790931631956e-05 4.246708267114014825e-06 3.506977792951654604e-05
5.400000000000000000e+04 2.005179461099797667e-04 2.609835007544396822e-05 3.088266920297497625e-05 4.619842723899591808e-05 7.748585714225771841e-06 1.607861359960948466e-05 3.881323589131892521e-05 4.393749100523704150e-06 3.275800107554297544e-05 2.229372672691525394e-04 1.626031155449807165e-05 2.620063805971165381e-05 4.619842723899591808e-05 7.748585714225771841e-06 1.607861359960948466e-05 3.881323589131892521e-05 4.393749100523704150e-06 3.275800107554297544e-05
5.500000000000000000e+04 1.941924215285404124e-04 2.844396243589649386e-05 2.697082308493288023e-05 4.448886272025565200e-05 6.255127760593930558e-06 1.401419181004040702e-05 3.689344787049820282e-05 3.804590633871324340e-06 2.977866856995875895e-05 2.126152955487429868e-04 1.863506962237285948e-05 2.312303115235337015e-05 4.448886272025565200e-05 6.255127760593930558e-06 1.401419181004040702e-05 3.689344787049820282e-05 3.804590633871324340e-06 2.977866856995875895e-05
5.600000000000000000e+04 1.837817179919342119e-04 2.426084259687485948e-05 2.456597963052960899e-05 4.328975895297118033e-05 5.427165212516572268e-06 1.437769964126172076e-05 3.698805390134820713e-05 3.517229112686448747e-06 3.106983686918005045e-05 2.023278262287855054e-04 1.578886064615823455e-05 2.033490692986840607e-05 4.328975895297118033e-05 5.427165212516572268e-06 1.437769964126172076e-05 3.698805390134820713e-05 3.517229112686448747e-06 3.106983686918005045e-05
5.700000000000000000e+04 1.793656477408797200e-04 2.311036727188903246e-05 2.241586987397155468e-05 4.174842338287889352e-05 5.067033401482441458e-06 1.260162995620555246e-05 3.534225344396798945e-05 3.444558685596872747e-06 2.904655720636748170e-05 1.974554622382619076e-04 1.481967191518378036e-05 1.893271006345093301e-05 4.174842338287889352e-05 5.067033401482441458e-06 1.260162995620555246e-05 3.534225344396798945e-05 3.444558685596872747e-06 2.904655720636748170e-05
5.800000000000000000e+04 1.710575107733345018e-04 2.150440380777580789e-05 2.156828418114031432e-05 3.893648458592100615e-05 4.745064697090863605e-06 1.277664337154196099e-05 3.427334583838988311e-05 3.207717871147187154e-06 2.701571063556814660e-05 1.868826703557816579e-04 1.352768096354856794e-05 1.941941583382656873e-05 3.893648458592100615e-05 4.745064697090863605e-06 1.277664337154196099e-05 3.427334583838988311e-05 3.207717871147187154e-06 2.701571063556814660e-05
5.900000000000000000e+04 1.610944479694787857e-04 2.299260583656554896e-05 2.162229051358994093e-05 3.542225446975145076e-05 4.926351815928251738e-06 1.307449783538040992e-05 2.959081276862067549e-05 3.079382522563942281e-06 2.399447501731039595e-05 1.763682860025786241e-04 1.663826218276361020e-05 2.010354955168275573e-05 3.542225446975145076e-05 4.926351815928251738e-06 1.307449783538040992e-05 2.959081276862067549e-05 3.079382522563942281e-06 2.399447501731039595e-05
6.000000000000000000e+04 1.546982696942901905e-04 2.129355017258558418e-05 2.103280632854755567e-05 3.571268741236300015e-05 4.209666090817156540e-06 1.206652305995276162e-05 2.891934509217796323e-05 2.884295170442920849e-06 2.470903170972290431e-05 1.677600038168393479e-04 1.532187459596847382e-05 1.892295357196065750e-05 3.571268741236300015e-05 4.209666090817156540e-06 1.206652305995276162e-05 2.891934509217796323e-05 2.884295170442920849e-06 2.470903170972290431e-05
