# step, loss_train, loss_test, metrics_test
0.000000000000000000e+00 1.396172493696212769e-02 5.643679946660995483e-02 2.348613590002059937e-01 2.991104125976562500e+00 1.239240840077400208e-01 6.836824119091033936e-02 1.908479213714599609e+00 9.056066721677780151e-02 7.381343096494674683e-02 1.260469574481248856e-02 5.744045972824096680e-02 2.399549633264541626e-01 2.991104125976562500e+00 1.239240840077400208e-01 6.836824119091033936e-02 1.908479213714599609e+00 9.056066721677780151e-02 7.381343096494674683e-02
5.000000000000000000e+03 2.113788016140460968e-02 1.881435397081077099e-03 3.011971712112426758e-03 6.285198032855987549e-02 4.005030170083045959e-02 3.882263973355293274e-02 1.049782261252403259e-01 4.421181976795196533e-02 5.512640625238418579e-02 2.418843097984790802e-02 1.198882469907402992e-03 2.949344925582408905e-03 6.285198032855987549e-02 4.005030170083045959e-02 3.882263973355293274e-02 1.049782261252403259e-01 4.421181976795196533e-02 5.512640625238418579e-02
1.000000000000000000e+04 1.741292513906955719e-02 1.516288262791931629e-03 4.331515636295080185e-03 5.297686532139778137e-02 3.890100866556167603e-02 3.933857753872871399e-02 8.027262985706329346e-02 4.334684833884239197e-02 5.125544220209121704e-02 1.868580467998981476e-02 1.047891215421259403e-03 4.567736759781837463e-03 5.297686532139778137e-02 3.890100866556167603e-02 3.933857753872871399e-02 8.027262985706329346e-02 4.334684833884239197e-02 5.125544220209121704e-02
1.500000000000000000e+04 1.284731645137071609e-02 8.590723155066370964e-04 1.451170537620782852e-03 4.548866674304008484e-02 3.840324282646179199e-02 3.925568610429763794e-02 6.457868218421936035e-02 4.276421293616294861e-02 4.823030903935432434e-02 1.543524023145437241e-02 6.873811944387853146e-04 1.553566311486065388e-03 4.548866674304008484e-02 3.840324282646179199e-02 3.925568610429763794e-02 6.457868218421936035e-02 4.276421293616294861e-02 4.823030903935432434e-02
2.000000000000000000e+04 9.887048974633216858e-03 4.653670766856521368e-04 1.112921978347003460e-03 4.215091839432716370e-02 3.794375434517860413e-02 3.901487588882446289e-02 5.603396892547607422e-02 4.247334599494934082e-02 4.565471038222312927e-02 1.212661340832710266e-02 4.406753869261592627e-04 1.149529940448701382e-03 4.215091839432716370e-02 3.794375434517860413e-02 3.901487588882446289e-02 5.603396892547607422e-02 4.247334599494934082e-02 4.565471038222312927e-02
2.500000000000000000e+04 7.996939122676849365e-03 5.164724425412714481e-04 1.216231612488627434e-03 4.022926837205886841e-02 3.749338164925575256e-02 3.830278664827346802e-02 5.070735141634941101e-02 4.235426709055900574e-02 4.390948638319969177e-02 9.621880948543548584e-03 5.009748856537044048e-04 1.309790066443383694e-03 4.022926837205886841e-02 3.749338164925575256e-02 3.830278664827346802e-02 5.070735141634941101e-02 4.235426709055900574e-02 4.390948638319969177e-02
3.000000000000000000e+04 5.988716147840023041e-03 3.702052927110344172e-04 1.003961428068578243e-03 3.915229439735412598e-02 3.702097013592720032e-02 3.780201822519302368e-02 4.710129275918006897e-02 4.219400137662887573e-02 4.259036853909492493e-02 7.257497869431972504e-03 3.151933487970381975e-04 1.078736269846558571e-03 3.915229439735412598e-02 3.702097013592720032e-02 3.780201822519302368e-02 4.710129275918006897e-02 4.219400137662887573e-02 4.259036853909492493e-02
3.000000000000000000e+04 5.988716147840023041e-03 3.702052927110344172e-04 1.003961428068578243e-03 3.915229439735412598e-02 3.702097013592720032e-02 3.780201822519302368e-02 4.710129275918006897e-02 4.219400137662887573e-02 4.259036853909492493e-02 7.257497869431972504e-03 3.151933487970381975e-04 1.078736269846558571e-03 3.915229439735412598e-02 3.702097013592720032e-02 3.780201822519302368e-02 4.710129275918006897e-02 4.219400137662887573e-02 4.259036853909492493e-02
3.100000000000000000e+04 6.196068716235458851e-04 3.737236547749489546e-04 3.649962891358882189e-04 3.699932619929313660e-02 3.750530257821083069e-02 3.636664152145385742e-02 3.849766403436660767e-02 4.195445775985717773e-02 3.919711336493492126e-02 5.415140767581760883e-04 2.793161838781088591e-04 3.303310077171772718e-04 3.699932619929313660e-02 3.750530257821083069e-02 3.636664152145385742e-02 3.849766403436660767e-02 4.195445775985717773e-02 3.919711336493492126e-02
3.169800000000000000e+04 4.039919294882565737e-04 2.881966647692024708e-04 2.980701101478189230e-04 3.689731657505035400e-02 3.742253407835960388e-02 3.627773374319076538e-02 3.823300823569297791e-02 4.197665303945541382e-02 3.912468627095222473e-02 3.048423968721181154e-04 1.839648757595568895e-04 2.683923521544784307e-04 3.689731657505035400e-02 3.742253407835960388e-02 3.627773374319076538e-02 3.823300823569297791e-02 4.197665303945541382e-02 3.912468627095222473e-02
