# step, loss_train, loss_test, metrics_test
0.000000000000000000e+00 1.396172646418376156e-02 5.643680808739692106e-02 2.348613682048397433e-01 2.967669777505955064e+00 8.324556359047306786e-02 4.392170587241992635e-02 1.886344034485246013e+00 4.895604788397527052e-02 3.526113243273874820e-02 1.260469506773154169e-02 5.744047463376412282e-02 2.399550180161663104e-01 2.967669777505955064e+00 8.324556359047306786e-02 4.392170587241992635e-02 1.886344034485246013e+00 4.895604788397527052e-02 3.526113243273874820e-02
1.000000000000000000e+04 1.599360736523048818e-02 1.044471705790491747e-03 1.862263235805178187e-03 3.313967994240370196e-02 1.228468670811354519e-03 2.259673930202926641e-03 5.663417571659036531e-02 1.682610272798247281e-03 1.282151101412840576e-02 1.856314397826794652e-02 7.104605439372224098e-04 1.987352285346306435e-03 3.313967994240370196e-02 1.228468670811354519e-03 2.259673930202926641e-03 5.663417571659036531e-02 1.682610272798247281e-03 1.282151101412840576e-02
2.000000000000000000e+04 9.377133813568267612e-03 4.900651891710307599e-04 7.971769345693519460e-04 2.401887651158478645e-02 1.184061044477631355e-03 1.917234113392145799e-03 3.404185741442862512e-02 7.096265972897974677e-04 7.078088951690165651e-03 1.139292649218165421e-02 3.818755470767809567e-04 9.207486060942795701e-04 2.401887651158478645e-02 1.184061044477631355e-03 1.917234113392145799e-03 3.404185741442862512e-02 7.096265972897974677e-04 7.078088951690165651e-03
3.000000000000000000e+04 6.445832734406844663e-03 3.964243987716302843e-04 6.880931025720424124e-04 2.069544968941475216e-02 8.968565460875021697e-04 1.083513368942912386e-03 2.508243762617382369e-02 4.131563482533580898e-04 4.262754362731035855e-03 7.661792184153339014e-03 3.853096583164055322e-04 7.759694416405444987e-04 2.069544968941475216e-02 8.968565460875021697e-04 1.083513368942912386e-03 2.508243762617382369e-02 4.131563482533580898e-04 4.262754362731035855e-03
3.000000000000000000e+04 6.445832734406844663e-03 3.964243987716302843e-04 6.880931025720424124e-04 2.069544968941475216e-02 8.968565460875021697e-04 1.083513368942912386e-03 2.508243762617382369e-02 4.131563482533580898e-04 4.262754362731035855e-03 7.661792184153339014e-03 3.853096583164055322e-04 7.759694416405444987e-04 2.069544968941475216e-02 8.968565460875021697e-04 1.083513368942912386e-03 2.508243762617382369e-02 4.131563482533580898e-04 4.262754362731035855e-03
3.100000000000000000e+04 1.086484744916297511e-04 4.434368163226093504e-05 6.565742491765508314e-05 1.832336116356647615e-02 7.792179804223619112e-05 2.296126173278603425e-06 1.668346732659655926e-02 9.138831129679973882e-05 9.334979878378235141e-04 8.681492990939339717e-05 3.569298487082898420e-05 6.699680694390977077e-05 1.832336116356647615e-02 7.792179804223619112e-05 2.296126173278603425e-06 1.668346732659655926e-02 9.138831129679973882e-05 9.334979878378235141e-04
3.200000000000000000e+04 1.096385036103973991e-04 2.119581484100642257e-05 5.983868351074255132e-05 1.828794719638007077e-02 7.551313354349716326e-05 1.167222988033397005e-06 1.661046897287849280e-02 9.117047121374309722e-05 9.245061359022797333e-04 8.554450873561826780e-05 1.760880591163270463e-05 6.435334980606647660e-05 1.828794719638007077e-02 7.551313354349716326e-05 1.167222988033397005e-06 1.661046897287849280e-02 9.117047121374309722e-05 9.245061359022797333e-04
3.300000000000000000e+04 1.048603029485170032e-04 2.181198570375610400e-05 6.336998429465046090e-05 1.823102086897839674e-02 7.521911334013396254e-05 3.964028438837639040e-06 1.661804133581728724e-02 8.949868229035457467e-05 9.234512167076314865e-04 7.775047565594429843e-05 1.740997758899326872e-05 6.870095992280894116e-05 1.823102086897839674e-02 7.521911334013396254e-05 3.964028438837639040e-06 1.661804133581728724e-02 8.949868229035457467e-05 9.234512167076314865e-04
3.400000000000000000e+04 1.250869957631002593e-04 3.086958904304506573e-05 6.575637872098030192e-05 1.810801523883955391e-02 8.055462585695056252e-05 6.499136291845041355e-06 1.662501311138522148e-02 9.078112612960903278e-05 9.230864717392750756e-04 9.667878656144886554e-05 2.046312155756281354e-05 6.340252257450741658e-05 1.810801523883955391e-02 8.055462585695056252e-05 6.499136291845041355e-06 1.662501311138522148e-02 9.078112612960903278e-05 9.230864717392750756e-04
3.500000000000000000e+04 1.092109670499953996e-04 2.201722569734183732e-05 6.279368743094183478e-05 1.806468805660759250e-02 7.820591326577881167e-05 5.104742880466468800e-06 1.662692610559028672e-02 9.118516859964690021e-05 9.149950489746154231e-04 8.628064726813650294e-05 1.379072232642174262e-05 6.714666200139274722e-05 1.806468805660759250e-02 7.820591326577881167e-05 5.104742880466468800e-06 1.662692610559028672e-02 9.118516859964690021e-05 9.149950489746154231e-04
3.600000000000000000e+04 9.942663814833386496e-05 1.973002749774102179e-05 6.125079289066609912e-05 1.801932579318283462e-02 7.631156059276006029e-05 3.627273390636214298e-06 1.663473221019887496e-02 9.069574010827055242e-05 9.142830762890903889e-04 8.065800756843485104e-05 1.295882404135843617e-05 6.505300842409280563e-05 1.801932579318283462e-02 7.631156059276006029e-05 3.627273390636214298e-06 1.663473221019887496e-02 9.069574010827055242e-05 9.142830762890903889e-04
3.700000000000000000e+04 9.171466524358487863e-05 2.262637329940007201e-05 5.840239228769995812e-05 1.799156542312764506e-02 7.902347561693956913e-05 3.359143874374838197e-06 1.661792306809235786e-02 9.216738970996598537e-05 9.140290403089092186e-04 7.900788276654224925e-05 1.511317930903507373e-05 6.218164435800264402e-05 1.799156542312764506e-02 7.902347561693956913e-05 3.359143874374838197e-06 1.661792306809235786e-02 9.216738970996598537e-05 9.140290403089092186e-04
3.800000000000000000e+04 1.061948828316811386e-04 1.875480006329911307e-05 6.271373350763938736e-05 1.796052464812421950e-02 7.959591862612396679e-05 3.101206257570913960e-06 1.660127353339229533e-02 9.235420801954552180e-05 9.137714682650294705e-04 9.252307522594215602e-05 1.340160198250177081e-05 6.634793983726552794e-05 1.796052464812421950e-02 7.959591862612396679e-05 3.101206257570913960e-06 1.660127353339229533e-02 9.235420801954552180e-05 9.137714682650294705e-04
3.900000000000000000e+04 9.705795726609380166e-05 2.095366018918675311e-05 6.420475072375233876e-05 1.793800733713169296e-02 7.994368520985159000e-05 3.676826667400398783e-06 1.659755071476057969e-02 9.185673829099466050e-05 9.147741359980568173e-04 8.969238709387580073e-05 1.389053509077801274e-05 6.730648775456946314e-05 1.793800733713169296e-02 7.994368520985159000e-05 3.676826667400398783e-06 1.659755071476057969e-02 9.185673829099466050e-05 9.147741359980568173e-04
4.000000000000000000e+04 8.779116723316229560e-05 2.237824662594699844e-05 6.301631670717064220e-05 1.792823328548556749e-02 8.116922109138576750e-05 4.143595410025342054e-06 1.659925726576894078e-02 9.069240428430977007e-05 9.147184227178285342e-04 8.385182660120506682e-05 1.461714405816764448e-05 6.783567910120925730e-05 1.792823328548556749e-02 8.116922109138576750e-05 4.143595410025342054e-06 1.659925726576894078e-02 9.069240428430977007e-05 9.147184227178285342e-04
4.100000000000000000e+04 8.675948283061252827e-05 1.782744670836079645e-05 6.001033666430810186e-05 1.791318503346125968e-02 8.674810413887541023e-05 4.812965846311207002e-06 1.659829078298175054e-02 9.213241508741033077e-05 9.150251971874177360e-04 8.101296934302802189e-05 1.143575378362934591e-05 6.566957030276180003e-05 1.791318503346125968e-02 8.674810413887541023e-05 4.812965846311207002e-06 1.659829078298175054e-02 9.213241508741033077e-05 9.150251971874177360e-04
4.200000000000000000e+04 9.110160291127147956e-05 1.738311083839052813e-05 5.937745750967479577e-05 1.790468380286826255e-02 8.495124076366908621e-05 5.234499349072465887e-06 1.659620908873147074e-02 9.139930632597861784e-05 9.153563422452541459e-04 8.523467602757025835e-05 1.171456168492530468e-05 6.608396370754098480e-05 1.790468380286826255e-02 8.495124076366908621e-05 5.234499349072465887e-06 1.659620908873147074e-02 9.139930632597861784e-05 9.153563422452541459e-04
4.300000000000000000e+04 9.448419950145761604e-05 1.907205851784051257e-05 6.244953612029193032e-05 1.789337986927889979e-02 8.412515235012821182e-05 5.146432366822887704e-06 1.659273750289541605e-02 9.089239564931511878e-05 9.147518544867001443e-04 9.011960508608455873e-05 1.246105991027750033e-05 7.046632331021769505e-05 1.789337986927889979e-02 8.412515235012821182e-05 5.146432366822887704e-06 1.659273750289541605e-02 9.089239564931511878e-05 9.147518544867001443e-04
4.400000000000000000e+04 9.667958048346598306e-05 2.047391615867278231e-05 6.202447498075038391e-05 1.788299798874835173e-02 8.405837319601093299e-05 5.394052896864931568e-06 1.659122604998875677e-02 9.087814636008866010e-05 9.141176986601898041e-04 9.489424847550456568e-05 1.316920678295579313e-05 7.052523544249664157e-05 1.788299798874835173e-02 8.405837319601093299e-05 5.394052896864931568e-06 1.659122604998875677e-02 9.087814636008866010e-05 9.141176986601898041e-04
4.500000000000000000e+04 9.840778752201469030e-05 2.004367601029362233e-05 6.282525373698411041e-05 1.787749088335996439e-02 8.412591196184704737e-05 6.286729710870793784e-06 1.658637180624562835e-02 9.099724674380112795e-05 9.135093318386068974e-04 9.592843949241683182e-05 1.324770164915229289e-05 7.019089042852998551e-05 1.787749088335996439e-02 8.412591196184704737e-05 6.286729710870793784e-06 1.658637180624562835e-02 9.099724674380112795e-05 9.135093318386068974e-04
4.600000000000000000e+04 1.041552341717191468e-04 2.265026158750673354e-05 6.247051669977124282e-05 1.786064151193774222e-02 8.331944107900991130e-05 6.441578253997910767e-06 1.658501791684735202e-02 9.125722708663108567e-05 9.142151461887131677e-04 1.042548058313220077e-04 1.547220870574875890e-05 6.901044735672900424e-05 1.786064151193774222e-02 8.331944107900991130e-05 6.441578253997910767e-06 1.658501791684735202e-02 9.125722708663108567e-05 9.142151461887131677e-04
4.700000000000000000e+04 1.071410211505389852e-04 2.543014336949411830e-05 6.661560066170183988e-05 1.783765585728248892e-02 8.463947450056533205e-05 6.404531880491527151e-06 1.657776691621242263e-02 9.155080349829872817e-05 9.146807450580514594e-04 1.059500272231726097e-04 1.603839529505127770e-05 7.179337294417912838e-05 1.783765585728248892e-02 8.463947450056533205e-05 6.404531880491527151e-06 1.657776691621242263e-02 9.155080349829872817e-05 9.146807450580514594e-04
4.800000000000000000e+04 1.095570280289611184e-04 2.295498184653081017e-05 6.616273256933091545e-05 1.782063781076754366e-02 8.477082525929686995e-05 5.551458963940605125e-06 1.657849911498749870e-02 9.207881286757490862e-05 9.156178910033431267e-04 1.044193519129667079e-04 1.469269497651909010e-05 7.048112167542818797e-05 1.782063781076754366e-02 8.477082525929686995e-05 5.551458963940605125e-06 1.657849911498749870e-02 9.207881286757490862e-05 9.156178910033431267e-04
4.900000000000000000e+04 1.100146249617198744e-04 2.189149105530885682e-05 6.666041463345439048e-05 1.779472257517374784e-02 8.359445003370218454e-05 5.660069838225590590e-06 1.658878285242768730e-02 9.173994042507597146e-05 9.159923132361811552e-04 1.006136431744277459e-04 1.494814981438198618e-05 7.074024643066823361e-05 1.779472257517374784e-02 8.359445003370218454e-05 5.660069838225590590e-06 1.658878285242768730e-02 9.173994042507597146e-05 9.159923132361811552e-04
5.000000000000000000e+04 1.172408769733051549e-04 2.181313378662103603e-05 6.648676758621720304e-05 1.776813444732887326e-02 8.616240058550771002e-05 7.164089725252551812e-06 1.658191445623904622e-02 9.208685915513098962e-05 9.172082270941534637e-04 1.034883715060210647e-04 1.537877099406313578e-05 6.987429744687386922e-05 1.776813444732887326e-02 8.616240058550771002e-05 7.164089725252551812e-06 1.658191445623904622e-02 9.208685915513098962e-05 9.172082270941534637e-04
5.100000000000000000e+04 1.216072695223167807e-04 2.050567539018544337e-05 6.745278979512112593e-05 1.774093436194419671e-02 8.717166780936480997e-05 8.838615577307819005e-06 1.658283081706720188e-02 9.214014688245552101e-05 9.173352074351917703e-04 1.063464355912036789e-04 1.348718610113408415e-05 7.427893769783234146e-05 1.774093436194419671e-02 8.717166780936480997e-05 8.838615577307819005e-06 1.658283081706720188e-02 9.214014688245552101e-05 9.173352074351917703e-04
5.200000000000000000e+04 1.236055691696719171e-04 2.270333375066928541e-05 7.003241777331771327e-05 1.771092346790372613e-02 8.703813923332785903e-05 9.535592054491154592e-06 1.658349506368339207e-02 9.223541010126112382e-05 9.185655377045485147e-04 1.088026852990022712e-04 1.564677109259913395e-05 7.640095939176632148e-05 1.771092346790372613e-02 8.703813923332785903e-05 9.535592054491154592e-06 1.658349506368339207e-02 9.223541010126112382e-05 9.185655377045485147e-04
5.300000000000000000e+04 1.235971833813765742e-04 2.348138512869688918e-05 7.525210889178969987e-05 1.768465148221494421e-02 8.620089881898855154e-05 9.874617703503998819e-06 1.657950245089098371e-02 9.265399635917518685e-05 9.190152707951921738e-04 1.117337376593656472e-04 1.569998475461266570e-05 8.073758230027780296e-05 1.768465148221494421e-02 8.620089881898855154e-05 9.874617703503998819e-06 1.657950245089098371e-02 9.265399635917518685e-05 9.190152707951921738e-04
5.400000000000000000e+04 1.425464654935187990e-04 2.553295421549400633e-05 8.148966689157708223e-05 1.763151196620590944e-02 8.719530360199314949e-05 9.927054099811681858e-06 1.656913365397712223e-02 9.338988983357165063e-05 9.190574170441162885e-04 1.227937164566878696e-04 1.805182992036146180e-05 8.950589997642178727e-05 1.763151196620590944e-02 8.719530360199314949e-05 9.927054099811681858e-06 1.656913365397712223e-02 9.338988983357165063e-05 9.190574170441162885e-04
5.500000000000000000e+04 1.292332185792164950e-04 2.916803077226054258e-05 8.321528675705040551e-05 1.757833082580316855e-02 8.710567172921467841e-05 9.560099826359289525e-06 1.657246310092050021e-02 9.361916561379871591e-05 9.221222994230140980e-04 1.087937189226741727e-04 2.121005614654486365e-05 8.401884270561529866e-05 1.757833082580316855e-02 8.710567172921467841e-05 9.560099826359289525e-06 1.657246310092050021e-02 9.361916561379871591e-05 9.221222994230140980e-04
5.600000000000000000e+04 1.573000391572742401e-04 3.595252544038654439e-05 9.112870466096735229e-05 1.749615051424023918e-02 8.892097812250778909e-05 7.757409134344854152e-06 1.655554236053903561e-02 9.349477192967852661e-05 9.237067295526917455e-04 1.212493914914650368e-04 2.757660343989244391e-05 9.237902827204046131e-05 1.749615051424023918e-02 8.892097812250778909e-05 7.757409134344854152e-06 1.655554236053903561e-02 9.349477192967852661e-05 9.237067295526917455e-04
5.700000000000000000e+04 1.458027772122500408e-04 3.245492724438701703e-05 8.275247894369151987e-05 1.742181815884565749e-02 9.435626593074182610e-05 7.615489461569641481e-06 1.656529139482149429e-02 9.356342157698143900e-05 9.266513381639705825e-04 1.150776742589081021e-04 2.356730803542407223e-05 7.819208821792166886e-05 1.742181815884565749e-02 9.435626593074182610e-05 7.615489461569641481e-06 1.656529139482149429e-02 9.356342157698143900e-05 9.266513381639705825e-04
5.800000000000000000e+04 1.525438551732762071e-04 3.664304757407213807e-05 8.585157791188324002e-05 1.733490776012396040e-02 1.003375762752735384e-04 6.455083752764821379e-06 1.655080203676118425e-02 9.412881284999943137e-05 9.308937977765515456e-04 1.351707298168584718e-04 2.658599767859800390e-05 8.015218763758952193e-05 1.733490776012396040e-02 1.003375762752735384e-04 6.455083752764821379e-06 1.655080203676118425e-02 9.412881284999943137e-05 9.308937977765515456e-04
5.900000000000000000e+04 1.393217143497406320e-04 4.325875467280670045e-05 7.966582095691120656e-05 1.727687606180924526e-02 1.114837057856550069e-04 7.946739205577553963e-06 1.654299428453394685e-02 9.410811503823879635e-05 9.293602809215212399e-04 1.237866327604685034e-04 3.051605894619545273e-05 7.766719960179192285e-05 1.727687606180924526e-02 1.114837057856550069e-04 7.946739205577553963e-06 1.654299428453394685e-02 9.410811503823879635e-05 9.293602809215212399e-04
6.000000000000000000e+04 1.322047654796505017e-04 4.260178420830560060e-05 7.678248190598337770e-05 1.724054674553505973e-02 1.130396318391707053e-04 7.697884583585072870e-06 1.653598176636331130e-02 9.465550323595433961e-05 9.288601527993741672e-04 1.183790575995863819e-04 3.097552259520631356e-05 7.762180377220011826e-05 1.724054674553505973e-02 1.130396318391707053e-04 7.697884583585072870e-06 1.653598176636331130e-02 9.465550323595433961e-05 9.288601527993741672e-04
