# step, loss_train, loss_test, metrics_test
0.000000000000000000e+00 1.396172646418376156e-02 5.643680808739692106e-02 2.348613682048397433e-01 2.919961254563521624e+00 8.721934592370539363e-02 1.046053367819210211e-01 1.870557542592222733e+00 5.394871304789218558e-02 9.299050875174819097e-02 1.260469506773154169e-02 5.744047463376412282e-02 2.399550180161663104e-01 2.919961254563521624e+00 8.721934592370539363e-02 1.046053367819210211e-01 1.870557542592222733e+00 5.394871304789218558e-02 9.299050875174819097e-02
5.000000000000000000e+03 9.343401077523745546e-03 7.708792810606269509e-04 1.270249595938444196e-03 1.238612610440685373e-02 1.237398081618676675e-03 1.000131103709464434e-03 4.445190957418484329e-02 2.369429001005275443e-03 9.739423311245061499e-03 1.051715673939145577e-02 5.402130026428944749e-04 1.172941597692066023e-03 1.238612610440685373e-02 1.237398081618676675e-03 1.000131103709464434e-03 4.445190957418484329e-02 2.369429001005275443e-03 9.739423311245061499e-03
1.000000000000000000e+04 6.227526312824453562e-03 4.287971146203984805e-04 9.292051191066376436e-04 6.768923071356549616e-03 5.872637294275015593e-04 6.972104786555861694e-04 2.536387183275443796e-02 1.140085634700808721e-03 7.051843926353340737e-03 7.075110374089800709e-03 3.441939470848234513e-04 9.657379380852463505e-04 6.768923071356549616e-03 5.872637294275015593e-04 6.972104786555861694e-04 2.536387183275443796e-02 1.140085634700808721e-03 7.051843926353340737e-03
1.500000000000000000e+04 3.895502937902224974e-03 2.767862832423906988e-04 4.635567881384197123e-04 4.044713322669818943e-03 4.455748636941915379e-04 4.486844249461263310e-04 1.574665796722393707e-02 5.859059456122564210e-04 4.438960038316933435e-03 4.591752867518238829e-03 2.136068747989840666e-04 4.912907588036072087e-04 4.044713322669818943e-03 4.455748636941915379e-04 4.486844249461263310e-04 1.574665796722393707e-02 5.859059456122564210e-04 4.438960038316933435e-03
2.000000000000000000e+04 2.430841160440721030e-03 1.711192761272987463e-04 2.769572518568377785e-04 2.356378968289811731e-03 3.154670777637797840e-04 2.596312848336567369e-04 1.037831679789102783e-02 3.093641696104437603e-04 2.821196269048480750e-03 2.902493779388927875e-03 1.278621479771152787e-04 3.014088628099209741e-04 2.356378968289811731e-03 3.154670777637797840e-04 2.596312848336567369e-04 1.037831679789102783e-02 3.093641696104437603e-04 2.821196269048480750e-03
2.500000000000000000e+04 1.433996581818371792e-03 1.072768644586757924e-04 1.643969977218183876e-04 1.291388874453702242e-03 2.139031315916315140e-04 1.456079717580814907e-04 7.332490087536785647e-03 1.848972877063378409e-04 1.864830111077380196e-03 1.724380452602033509e-03 8.417042691673062046e-05 1.808381532473569216e-04 1.291388874453702242e-03 2.139031315916315140e-04 1.456079717580814907e-04 7.332490087536785647e-03 1.848972877063378409e-04 1.864830111077380196e-03
3.000000000000000000e+04 1.261866364916427096e-03 1.001455871130955646e-04 2.409493489961599198e-04 8.158514518430820799e-04 1.563291829892791388e-04 6.735973687741215999e-05 5.857744155232685879e-03 1.366450641696726582e-04 1.315741116949429787e-03 1.280065301862768441e-03 9.234589627434250142e-05 2.352850810990598758e-04 8.158514518430820799e-04 1.563291829892791388e-04 6.735973687741215999e-05 5.857744155232685879e-03 1.366450641696726582e-04 1.315741116949429787e-03
3.500000000000000000e+04 3.150574066145630809e-04 3.435279780701446157e-05 4.965363063900806286e-05 2.863631516110933992e-04 5.789481685485498193e-05 3.390759158340753810e-05 4.698058017253767607e-03 9.138261830023140830e-05 1.006537469577114229e-03 3.794937548636678369e-04 2.929811477334705568e-05 5.430137750003261754e-05 2.863631516110933992e-04 5.789481685485498193e-05 3.390759158340753810e-05 4.698058017253767607e-03 9.138261830023140830e-05 1.006537469577114229e-03
4.000000000000000000e+04 1.466004997987410078e-04 2.207344412053264759e-05 2.371468666373717927e-05 8.863130754307549136e-05 2.358453276502756949e-05 1.863116891583991831e-05 4.252766704814388982e-03 7.824948078983871662e-05 8.625262957316572228e-04 1.710885649682800439e-04 1.912793190435558186e-05 2.400747237210931241e-05 8.863130754307549136e-05 2.358453276502756949e-05 1.863116891583991831e-05 4.252766704814388982e-03 7.824948078983871662e-05 8.625262957316572228e-04
4.500000000000000000e+04 2.225749528195063599e-04 2.487793818150319748e-05 1.725969161071135008e-05 4.973329239541492754e-05 1.562819932081529865e-05 6.680580200031500521e-06 4.091740390821209557e-03 8.356323314791819375e-05 8.030950230020519583e-04 2.211656713406930260e-04 2.343640696240322351e-05 1.625654137238560906e-05 4.973329239541492754e-05 1.562819932081529865e-05 6.680580200031500521e-06 4.091740390821209557e-03 8.356323314791819375e-05 8.030950230020519583e-04
5.000000000000000000e+04 5.228432690128274711e-04 1.439746065369518224e-04 4.384330410091971181e-05 1.226563926009344955e-04 2.118329670372808804e-05 4.071570872882028616e-05 4.197978758992373070e-03 8.821286271987266111e-05 8.186888459000430784e-04 5.045050444664623407e-04 1.384732616030740968e-04 3.562505513953654419e-05 1.226563926009344955e-04 2.118329670372808804e-05 4.071570872882028616e-05 4.197978758992373070e-03 8.821286271987266111e-05 8.186888459000430784e-04
